Wyniki metryk:
Dla algorytmu incremental kMeans:
[[[ 0.64        0.8107009 ]
  [ 0.1509434   0.40241875]
  [-0.04210526  0.14052644]
  [ 0.20774648  0.37088869]
  [ 0.03076923  0.46914874]
  [ 0.47741935  0.77066644]
  [-0.17283951  0.21240394]
  [ 0.04682274  0.33683106]
  [ 0.          0.31538983]
  [-0.03799186  0.40175725]
  [-0.11111111  0.11818719]
  [-0.02857143  0.20624539]
  [ 0.15294118  0.47450473]
  [-0.18285714  0.18366555]
  [ 0.02877698  0.34979326]
  [ 0.05263158  0.28105289]
  [ 0.20177384  0.48062529]
  [ 0.          0.31538983]
  [-0.07142857  0.30310679]
  [ 0.00221729  0.39915023]
  [-0.06837607  0.11185687]
  [-0.02857143  0.41753367]
  [-0.140553    0.16763826]
  [-0.03404255  0.15372944]
  [-0.02272727  0.36614776]
  [-0.02564103  0.15861566]
  [ 0.1         0.48619886]
  [ 0.14285714  0.40823659]
  [ 0.22857143  0.52616522]
  [ 0.20177384  0.3685385 ]
  [-0.02739726  0.19473643]
  [ 0.23728814  0.47206971]]]
Dla algorytmu mini batch kmeans:
[[[-0.02272727  0.4369725 ]
  [ 0.33962264  0.60983184]
  [ 0.01        0.37078858]
  [ 0.05904059  0.37463561]
  [-0.17493473  0.19355126]
  [ 0.15294118  0.47450473]
  [-0.03603604  0.28081158]
  [-0.18705036  0.08800985]
  [ 0.26666667  0.59544517]
  [ 0.12621359  0.4114603 ]
  [ 0.02777778  0.46914874]
  [ 0.04705882  0.34979326]
  [ 0.48571429  0.71593367]
  [ 0.52        0.72946861]
  [ 0.09090909  0.48032082]
  [ 0.1         0.52585025]
  [-0.02739726  0.3926287 ]
  [ 0.04705882  0.45119264]
  [ 0.26666667  0.6615275 ]
  [ 0.25287356  0.55280401]
  [ 0.04761905  0.41925566]
  [ 0.02285714  0.35491538]
  [ 0.2125      0.53151139]
  [ 0.12571429  0.47923976]
  [ 0.24460432  0.44634208]
  [ 0.0247678   0.28551135]
  [-0.10769231  0.36436511]
  [ 0.3         0.52195982]
  [ 0.24516129  0.61466678]
  [-0.07913669  0.32313017]
  [ 0.00221729  0.28105289]
  [ 0.19642857  0.40067624]]]
Dla algorytmu birch:
[[[ 0.09090909  0.55181958]
  [ 0.13897281  0.24484198]
  [-0.02857143  0.20624539]
  [ 0.31257344  0.5355003 ]
  [-0.14893617  0.03300122]
  [ 0.          0.31538983]
  [ 0.07407407  0.37014703]
  [-0.25        0.01271402]
  [-0.06153846  0.20974153]
  [ 0.01699029  0.36614776]
  [-0.04938272  0.32692266]
  [ 0.22857143  0.56673367]
  [ 0.44615385  0.71826594]
  [ 0.19        0.45370711]
  [-0.08        0.36231658]
  [-0.02857143  0.41753367]
  [ 0.5890411   0.7028695 ]
  [ 0.04        0.40462655]
  [ 0.63768116  0.84587241]
  [-0.0125      0.36614776]
  [-0.06060606  0.14934008]
  [ 0.1         0.32051669]
  [ 0.02877698  0.34979326]
  [ 0.04        0.42189019]
  [ 0.09090909  0.48032082]
  [ 0.23728814  0.58172568]
  [ 0.19        0.45370711]
  [ 0.04705882  0.45119264]
  [ 0.2173913   0.52155511]
  [ 0.04624277  0.33447799]
  [-0.05882353  0.3027217 ]
  [ 0.28429423  0.44228461]]]
Wyniki testów statystycznych:
------------------------------------------------------------------------------------------
TEST T-STUDENTA : Incremental - mini-batch
adjusted_rand_score: t = -1.2105829734469007, p = 0.23065007255622333
normalized_mutual_info_score: t = -2.4044348506833093, p = 0.019198276529675696
------------------------------------------------------------------------------------------
TEST T-STUDENTA : Incremental - Birch
adjusted_rand_score: t = -0.9137558177644057, p = 0.3643850298750575
normalized_mutual_info_score: t = -1.177863522879648, p = 0.24335244619824836
------------------------------------------------------------------------------------------
------------------------------------------------------------------------------------------
TEST Wilcoxon Signed-Rank Test: Incremental - mini-batch
adjusted_rand_score: statistic = 183.0, p-value = 0.13363895611837506
normalized_mutual_info_score: statistic = 135.0, p-value = 0.014803256839513779
------------------------------------------------------------------------------------------
TEST Wilcoxon Signed-Rank Test: Incremental - Birch
adjusted_rand_score: statistic = 201.0, p-value = 0.24621350597590208
normalized_mutual_info_score: statistic = 180.0, p-value = 0.11945036612451077
------------------------------------------------------------------------------------------
